98
206
362
539
720
897
1068
1229
1388
1553
1731
1918
2098
2267
2429
2587
2751
2925
3103
3267
3428
3597
3778
3959
4131
4295
4466
4645
4823
4989
5155
5326
5511
5706
5888
6060
6225
6400
6582
6772
6956
7123
7292
7475
7662
7841
8007
8174
8348
8536
8726
8912
9078
9242
9406
9585
9774
9964
10145
10308
10469
10633
10813
11006
11200
11379
11545
11713
11885
12081
12284
12474
12648
12821
13004
13195
13377
13549
13717
13894
14086
14277
14460
14631
14791
14950
15117
15299
15486
15668
15844
16012
16178
16359
16559
16749
16923
17087
17251
17420
17600
17780
17958
18124
18283
18444
18614
18801
18990
19174
19346
19509
19670
19835
20011
20193
20378
20556
20727
20895
21072
21254
21437
21610
21773
21936
22111
22295
22468
22637
22792
22945
23099
23261
23441
23627
23810
23979
24142
24302
24468
24640
24816
24987
25151
25314
25480
25657
25846
26033
26216
26380
26539
26696
26861
27035
27211
27378
27540
27703
27877
28068
28257
28438
28608
28774
28942
29119
29302
29483
29650
29808
29965
30121
30287
30465
30641
30810
30971
31125
31279
31435
31601
31773
31942
32102
32259
32415
32579
32758
32940
33114
33278
33438
33602
33778
33961
34145
34320
34484
34645
34809
34985
35171
35357
35531
35695
35856
36027
36205
36396
36637
36759
36930
37115
37312
37506
37684
37847
38008
38175
38357
38546
38727
38895
39063
39241
39434
39623
39798
39969
40141
40327
40525
40715
40889
41110
41230
41411
41603
41796
41981
42158
42330
42509
42709
42903
43083
43256
43427
43611
43799
43992
44170
44337
44563
44696
44887
45075
45419
45586
45764
45952
46138
46322
46490
46652
46821
47000
47190
47376
47553
47777
47896
48076
48265
48452
48692
48819
48990
49174
49370
49560
49739
49904
50069
50247
50437
50623
50798
50975
51149
51366
51533
51660
51844
52078
52194
52360
52536
52727
52916
53099
53263
53423
53583
53755
53948
54136
54318
54496
54671
54858
55054
55249
55431
55604
55776
55960
56152
56339
56513
56677
56840
57009
57190
57386
57581
57765
57934
58104
58285
58474
58661
58838
59006
59172
59342
59524
59724
59926
60122
60306
60475
60642
60821
61013
61205
61382
61553
61723
61905
62097
62286
62461
62624
62784
62949
63127
63309
63497
63677
63852
64026
64214
64412
64606
64786
64953
65126
65310
65499
65684
65854
66014
66171
66334
66513
66709
66896
67073
67243
67419
67610
67806
67993
68170
68342
68511
68694
68894
69091
69277
69447
69612
69778
69971
70170
70358
70531
70700
70870
71050
71244
71431
71604
71764
71923
72088
72265
72448
72621
72785
72946
73112
73284
73465
73647
73825
73989
74147
74303
74462
74631
74808
74980
75140
75297
75452
75608
75778
75960
76142
76311
76469
76625
76785
76953
77125
77294
77456
77614
77778
77946
78119
78293
78462
78621
78778
78938
79110
79292
79473
79656
79824
79990
80154
80326
80517
80704
80882
81043
81201
81356
81513
81687
81869
82049
82213
82375
82535
82707
82892
83083
83266
83433
83597
83765
83949
84142
84330
84506
84677
84846
85029
85224
85414
85590
85764
85952
86146
86338
86517
86693
86881
87060
87237
87428
87625
87812
87981
88144
88313
88496
88692
88879
89049
89213
89381
89561
89755
89947
90127
90295
90460
90632
90818
91009
91192
91380
91569
91755
91917
92072
92229
92381
92531
92683
92844
93057
93272
93481
93681
93864
94046
94248
94463
94660
94845
95026
95216
95423
95634
95891
96015
96183
96361
96559
96765
96956
97140
97313
97545
97691
97894
98100
98296
98478
98655
98843
99036
99230
99418
99594
99768
99954
100155
100360
100550
100781
100904
101098
101300
101498
101677
101849
102017
102195
102400
102609
102811
102995
103172
103348
103548
103749
103939
104114
104285
104463
104655
104851
105045
105226
105399
105568
105747
105937
106129
106314
106486
106656
106836
107033
107233
107424
107604
107777
107953
108135
108323
108503
108680
108866
109042
109214
109401
109592
109778
109964
110144
110326
110506
110680
110857
111029
111202
111370
111538
111726
111929
112125
112306
112482
112656
112836
113032
113231
113414
113579
113739
113900
114076
114272
114460
114638
114816
115012
115221
115419
115605
115782
115961
116155
116359
116554
116739
116920
117099
117298
117500
117698
117873
118042
118211
118394
118587
118777
118953
119125
119297
119484
119689
119890
120080
120256
120424
120595
120784
120986
121181
121363
121538
121726
121924
122123
122308
122489
122672
122864
123058
123251
123429
123599
123763
123927
124107
124302
124495
124679
124850
125016
125196
125389
125578
125757
125931
126103
126288
126482
126671
126847
127016
127184
127358
127544
127732
127913
128080
128239
128399
128564
128753
128949
129137
129311
129482
129651
129827
130022
130220
130411
130584
130748
130912
131087
131281
131474
131656
131829
132004
132191
132381
132569
132743
132906
133067
133230
133407
133600
133796
133992
134173
134344
134508
134679
134864
135057
135237
135407
135587
135773
135959
136129
136291
136452
136614
136786
136982
137181
137376
137556
137726
137896
138088
138292
138488
138662
138834
139015
